compiles,passes_tests,semantic_correctness,confidence,explanation,bug_id,ground_truth_test
YES,UNKNOWN,3,2,"The patch adds skip_defaults handling in both branches, but inconsistently passes parameters to jsonable_encoder, which could lead to behavioral discrepancies.",fastapi-10-v0_gpt-0,
YES,UNKNOWN,2,4,"The patch adds a None check when skip_defaults=True, but this conflates default value filtering with explicit nulls. This may incorrectly remove intentionally set None values from responses, introducing data loss errors.",fastapi-10-v0_gpt-1,
YES,UNKNOWN,3,2,"The patch compiles without syntax errors, but the mutable default argument for 'exclude' is a known pitfall that could cause unintended behavior. Without the bug context or tests, overall correctness and test passability cannot be assessed.",fastapi-10-v0_gpt-2,
YES,UNKNOWN,3,2,"The patch ensures skip_defaults is applied in both branches, but may introduce inconsistency by not passing include, exclude, and by_alias when field is None. Without bug context, correctness is uncertain.",fastapi-10-v0_gpt-3,
YES,UNKNOWN,5,4,"The patch correctly propagates serialization parameters in both code paths and adds missing skip_defaults handling in the else clause, improving parameter consistency without introducing obvious errors.",fastapi-10-v0_gpt-4,
YES,UNKNOWN,3,3,"The patch uses a mutable default argument for 'exclude', which is a common bug, and the 'skip_defaults' logic may not correctly handle non-None default values.",fastapi-10-v0_gpt-5,
YES,UNKNOWN,3,4,"The patch uses a mutable default `exclude=set()` which may cause unintended behavior. The else clause also fails to pass include/exclude parameters to jsonable_encoder, potentially omitting filtering logic.",fastapi-10-v0_gpt-6,
YES,UNKNOWN,4,2,"The patch ensures consistent application of skip_defaults in both branches, likely fixing a bug where default values were not properly skipped during serialization when no field is provided.",fastapi-10-v0_gpt-7,
YES,UNKNOWN,3,2,"The patch compiles assuming necessary imports, but it has a semantic inconsistency: parameters include, exclude, and by_alias are not passed to jsonable_encoder when field is None, which may not align with the function's intent.",fastapi-10-v0_gpt-8,
YES,UNKNOWN,4,3,"The patch appears to correctly propagate skip_defaults parameters in both code paths, improving serialization consistency. However, without knowing the original bug context or test cases, validation is incomplete.",fastapi-10-v0_gpt-9,
